{
 "cells": [
  {
   "cell_type": "markdown",
   "id": "a33ed316",
   "metadata": {},
   "source": [
    "# Fisher Class"
   ]
  },
  {
   "cell_type": "code",
   "execution_count": 12,
   "id": "11d89afd",
   "metadata": {},
   "outputs": [],
   "source": [
    "import numpy as np\n",
    "import sympy as smp\n",
    "import matplotlib.pyplot as plt\n",
    "import pandas as pd\n",
    "\n",
    "# For interpolation\n",
    "from scipy.interpolate import RectBivariateSpline, interp2d\n",
    "\n",
    "import warnings\n",
    "\n",
    "# Ignore DeprecationWarnings\n",
    "warnings.filterwarnings(\"ignore\", category=DeprecationWarning)\n",
    "warnings.filterwarnings(\"ignore\", message=\".*divmax.*\") \n",
    "\n",
    "import logging\n",
    "# Basic registry settings\n",
    "logging.basicConfig(level=logging.INFO)"
   ]
  },
  {
   "cell_type": "code",
   "execution_count": 13,
   "id": "0d52b914",
   "metadata": {},
   "outputs": [],
   "source": [
    "import Cosmo_util_data as cu\n",
    "import Cosmo_integration as ci\n",
    "import Cosmo_shear as cs"
   ]
  },
  {
   "cell_type": "code",
   "execution_count": 14,
   "id": "647491f5",
   "metadata": {},
   "outputs": [],
   "source": [
    "# Parametros fiduciales\n",
    "\n",
    "Omega_b0_fid = 0.05\n",
    "Omega_m0_fid = 0.32\n",
    "h_fid = 0.67\n",
    "ns_fid = 0.96\n",
    "sigma8_fid = 0.816\n",
    "Omega_DE0_fid = 0.68\n",
    "w0_fid = -1.0\n",
    "wa_fid = 0.0\n",
    "gamma_fid = 0.55\n",
    "\n",
    "c = 300000\n",
    "Aia = 1.72\n",
    "Cia = 0.0134\n",
    "nia = -0.41\n",
    "bia = 2.17\n"
   ]
  },
  {
   "cell_type": "code",
   "execution_count": 15,
   "id": "46498a85",
   "metadata": {},
   "outputs": [
    {
     "data": {
      "text/plain": [
       "100"
      ]
     },
     "execution_count": 15,
     "metadata": {},
     "output_type": "execute_result"
    }
   ],
   "source": [
    "L_array = np.log10(np.logspace(np.log10(10), np.log10(1500), 100))\n",
    "\n",
    "len(L_array)"
   ]
  },
  {
   "cell_type": "code",
   "execution_count": null,
   "id": "54cd1faa",
   "metadata": {},
   "outputs": [],
   "source": [
    "class Fisher:\n",
    "    '''\n",
    "    Calculate Fisher Matrix\n",
    "    '''\n",
    "    def __init__(self, params):\n",
    "        self.num = params['num_params']\n",
    "        self.universes = params['type']\n",
    "        self.model = params['model']\n",
    "\n",
    "    def trace(self, Omega_m0, h, Omega_b0, Omega_DE0, w0, wa, ns, sigma8, gamma, Aia, nia, bia):\n",
    "        F = np.zeros((self.num + 3, self.num + 3))\n",
    "        L_array = np.log10(np.logspace(np.log10(10), np.log10(1500), 100))\n",
    "        cosmic_params = {'l': L_array , 'z': np.linspace(0.001, 2.5, 50), 'type': self.universes, 'model': self.model}\n",
    "        A = cs.CosmicShear(cosmic_params)\n",
    "        \n",
    "        f_sky = 0.3636\n",
    "        epsilon = 0.01\n",
    "        C = np.zeros((10, 10), dtype=object)\n",
    "        dC_dq_Om_m_matrix = np.zeros((10, 10), dtype=object)\n",
    "        dC_dq_h_matrix = np.zeros((10, 10), dtype=object)\n",
    "        dC_dq_Om_b_matrix = np.zeros((10, 10), dtype=object)\n",
    "        dC_dq_ns_matrix = np.zeros((10, 10), dtype=object)\n",
    "        dC_dq_sig_matrix = np.zeros((10, 10), dtype=object)\n",
    "        dC_dq_Aia_matrix = np.zeros((10, 10), dtype=object)\n",
    "        dC_dq_nia_matrix = np.zeros((10, 10), dtype=object)\n",
    "        dC_dq_bia_matrix = np.zeros((10, 10), dtype=object)\n",
    "        \n",
    "        for i in range(10):\n",
    "            for j in range(i, 10):\n",
    "                logging.info(f\"Calculated pair: {(i, j)}\")\n",
    "                C[i, j] = C[j, i] = A.Cosmic_Shear(i, j, Omega_m0, h, Omega_b0, Omega_DE0, w0, wa, ns, sigma8, gamma, Aia, nia, bia)\n",
    "                dC_dq_Om_m_matrix[i, j] = dC_dq_Om_m_matrix[j, i] = A.Der_C_parametro(i ,j, epsilon, Omega_m0, h, Omega_b0, Omega_DE0, w0, wa, ns, sigma8, gamma, Aia, nia, bia, 'Omega_m0')\n",
    "                dC_dq_h_matrix[i, j] = dC_dq_h_matrix[j, i] = A.Der_C_parametro(i ,j, epsilon, Omega_m0, h, Omega_b0, Omega_DE0, w0, wa, ns, sigma8, gamma, Aia, nia, bia, 'h')\n",
    "                dC_dq_Om_b_matrix[i, j] = dC_dq_Om_b_matrix[j, i] = A.Der_C_parametro(i ,j, epsilon, Omega_m0, h, Omega_b0, Omega_DE0, w0, wa, ns, sigma8, gamma, Aia, nia, bia, 'Omega_b0')\n",
    "                dC_dq_ns_matrix[i, j] =  dC_dq_ns_matrix[j, i]  = A.Der_C_parametro(i ,j, epsilon, Omega_m0, h, Omega_b0, Omega_DE0, w0, wa, ns, sigma8, gamma, Aia, nia, bia, 'ns')\n",
    "                dC_dq_sig_matrix[i, j] = dC_dq_sig_matrix[j, i] = A.Der_C_parametro(i ,j, epsilon, Omega_m0, h, Omega_b0, Omega_DE0, w0, wa, ns, sigma8, gamma, Aia, nia, bia, 'sigma8')\n",
    "                dC_dq_Aia_matrix[i, j] =  dC_dq_Aia_matrix[j, i]  = A.Der_C_parametro(i ,j, epsilon, Omega_m0, h, Omega_b0, Omega_DE0, w0, wa, ns, sigma8, gamma, Aia, nia, bia, 'Aia')\n",
    "                dC_dq_nia_matrix[i, j] =  dC_dq_nia_matrix[j, i]  = A.Der_C_parametro(i ,j, epsilon, Omega_m0, h, Omega_b0, Omega_DE0, w0, wa, ns, sigma8, gamma, Aia, nia, bia, 'nia')\n",
    "                dC_dq_bia_matrix[i, j] =  dC_dq_bia_matrix[j, i]  = A.Der_C_parametro(i ,j, epsilon, Omega_m0, h, Omega_b0, Omega_DE0, w0, wa, ns, sigma8, gamma, Aia, nia, bia, 'bia')\n",
    "                \n",
    "        C_matrix = np.array(C.tolist(), dtype=float)\n",
    "        C_matrix_2d = np.squeeze(C_matrix)\n",
    "\n",
    "        dC_dq_Om_m_matrix = np.array(dC_dq_Om_m_matrix.tolist(), dtype=float)\n",
    "        dC_dq_h_matrix = np.array(dC_dq_h_matrix.tolist(), dtype=float)\n",
    "        dC_dq_Om_b_matrix = np.array(dC_dq_Om_b_matrix.tolist(), dtype=float)\n",
    "        dC_dq_ns_matrix = np.array(dC_dq_ns_matrix.tolist(), dtype=float)\n",
    "        dC_dq_sig_matrix = np.array(dC_dq_sig_matrix.tolist(), dtype=float)\n",
    "        dC_dq_Aia_matrix = np.array(dC_dq_Aia_matrix.tolist(), dtype=float)\n",
    "        dC_dq_nia_matrix = np.array(dC_dq_nia_matrix.tolist(), dtype=float)\n",
    "        dC_dq_bia_matrix = np.array(dC_dq_bia_matrix.tolist(), dtype=float)\n",
    "\n",
    "        dC_dq_Om_m_matrix_2d = np.squeeze(dC_dq_Om_m_matrix)\n",
    "        dC_dq_h_matrix_2d = np.squeeze(dC_dq_h_matrix)\n",
    "        dC_dq_Om_b_matrix_2d = np.squeeze(dC_dq_Om_b_matrix)\n",
    "        dC_dq_ns_matrix_2d = np.squeeze(dC_dq_ns_matrix)\n",
    "        dC_dq_sig_matrix_2d = np.squeeze(dC_dq_sig_matrix)\n",
    "        dC_dq_Aia_matrix_2d = np.squeeze(dC_dq_Aia_matrix)\n",
    "        dC_dq_nia_matrix_2d = np.squeeze(dC_dq_nia_matrix)\n",
    "        dC_dq_bia_matrix_2d = np.squeeze(dC_dq_bia_matrix)\n",
    "        \n",
    "        for i, l in enumerate(L_array):\n",
    "\n",
    "            def lambda_k(i): \n",
    "                lambda_min = np.log10(10**L_array[0])\n",
    "                lambda_max = np.log10(10**L_array[-1])\n",
    "                delta_lambda = (lambda_max - lambda_min) / len(L_array)\n",
    "                lambda_k = lambda_min + (i - 1)*delta_lambda\n",
    "                return lambda_k\n",
    "            \n",
    "            delta_l = 10**lambda_k(i + 1) - 10**lambda_k(i)\n",
    "\n",
    "            '''if i < len(L_array) - 1:\n",
    "                delta_l = 10**L_array[i+1] - 10**L_array[i]\n",
    "            else: \n",
    "                 delta_l = 1'''\n",
    "                 \n",
    "            L_parameter = np.sqrt((2 / ((2*(10**l) + 1)*delta_l*f_sky)))\n",
    "            L_parameter_new = (2*(10 ** l) + 1) * delta_l / 2 * f_sky\n",
    "            C_inv = np.linalg.inv(C_matrix_2d[:, :, i])\n",
    "\n",
    "            #OMEGA_M \n",
    "            Om_m_Om_m = np.trace(C_inv @ dC_dq_Om_m_matrix_2d[:, :, i] @ C_inv @ dC_dq_Om_m_matrix_2d[:, :, i])\n",
    "            Om_m_h = np.trace(C_inv @ dC_dq_Om_m_matrix_2d[:, :, i] @ C_inv @ dC_dq_h_matrix_2d[:, :, i])\n",
    "            Om_m_Om_b = np.trace(C_inv @ dC_dq_Om_m_matrix_2d[:, :, i] @ C_inv @ dC_dq_Om_b_matrix_2d[:, :, i])\n",
    "            Om_m_ns = np.trace(C_inv @ dC_dq_Om_m_matrix_2d[:, :, i] @ C_inv @ dC_dq_ns_matrix_2d[:, :, i])\n",
    "            Om_m_sig = np.trace(C_inv @ dC_dq_Om_m_matrix_2d[:, :, i] @ C_inv @  dC_dq_sig_matrix_2d[:, :, i])\n",
    "            Om_m_Aia = np.trace(C_inv @ dC_dq_Om_m_matrix_2d[:, :, i] @ C_inv @  dC_dq_Aia_matrix_2d[:, :, i])\n",
    "            Om_m_nia = np.trace(C_inv @ dC_dq_Om_m_matrix_2d[:, :, i] @ C_inv @  dC_dq_nia_matrix_2d[:, :, i])\n",
    "            Om_m_bia = np.trace(C_inv @ dC_dq_Om_m_matrix_2d[:, :, i] @ C_inv @  dC_dq_bia_matrix_2d[:, :, i])\n",
    "#\n",
    "\n",
    "            #H\n",
    "            h_h = np.trace(C_inv @ dC_dq_h_matrix_2d[:, :, i] @ C_inv @ dC_dq_h_matrix_2d[:, :, i])\n",
    "            h_Om_b = np.trace(C_inv @ dC_dq_h_matrix_2d[:, :, i] @ C_inv @ dC_dq_Om_b_matrix_2d[:, :, i])\n",
    "            h_ns = np.trace(C_inv @ dC_dq_h_matrix_2d[:, :, i] @ C_inv @ dC_dq_ns_matrix_2d[:, :, i])\n",
    "            h_sig = np.trace(C_inv @ dC_dq_h_matrix_2d[:, :, i] @ C_inv @ dC_dq_sig_matrix_2d[:, :, i])\n",
    "            h_Aia = np.trace(C_inv @ dC_dq_h_matrix_2d[:, :, i] @ C_inv @ dC_dq_Aia_matrix_2d[:, :, i])\n",
    "            h_nia = np.trace(C_inv @ dC_dq_h_matrix_2d[:, :, i] @ C_inv @ dC_dq_nia_matrix_2d[:, :, i])\n",
    "            h_bia = np.trace(C_inv @ dC_dq_h_matrix_2d[:, :, i] @ C_inv @ dC_dq_bia_matrix_2d[:, :, i])\n",
    "#\n",
    "            #OMEGA_B\n",
    "            Om_b_Om_b = np.trace(C_inv @ dC_dq_Om_b_matrix_2d[:, :, i] @ C_inv @ dC_dq_Om_b_matrix_2d[:, :, i] )\n",
    "            Om_b_ns = np.trace(C_inv @ dC_dq_Om_b_matrix_2d[:, :, i] @ C_inv @ dC_dq_ns_matrix_2d[:, :, i] )\n",
    "            Om_b_sig = np.trace(C_inv @ dC_dq_Om_b_matrix_2d[:, :, i] @ C_inv @ dC_dq_sig_matrix_2d[:, :, i] )\n",
    "            Om_b_Aia = np.trace(C_inv @ dC_dq_Om_b_matrix_2d[:, :, i] @ C_inv @ dC_dq_Aia_matrix_2d[:, :, i] )\n",
    "            Om_b_nia = np.trace(C_inv @ dC_dq_Om_b_matrix_2d[:, :, i] @ C_inv @ dC_dq_nia_matrix_2d[:, :, i] )\n",
    "            Om_b_bia = np.trace(C_inv @ dC_dq_Om_b_matrix_2d[:, :, i] @ C_inv @ dC_dq_bia_matrix_2d[:, :, i] )\n",
    "\n",
    "            #NS\n",
    "            ns_ns = np.trace( C_inv @ dC_dq_ns_matrix_2d[:, :, i] @ C_inv @ dC_dq_ns_matrix_2d[:, :, i] )\n",
    "            ns_sig = np.trace( C_inv @ dC_dq_ns_matrix_2d[:, :, i] @ C_inv @ dC_dq_sig_matrix_2d[:, :, i] )\n",
    "            ns_Aia = np.trace( C_inv @ dC_dq_ns_matrix_2d[:, :, i] @ C_inv @ dC_dq_Aia_matrix_2d[:, :, i] )\n",
    "            ns_nia = np.trace( C_inv @ dC_dq_ns_matrix_2d[:, :, i] @ C_inv @ dC_dq_nia_matrix_2d[:, :, i] )\n",
    "            ns_bia = np.trace( C_inv @ dC_dq_ns_matrix_2d[:, :, i] @ C_inv @ dC_dq_bia_matrix_2d[:, :, i] )\n",
    "\n",
    "            #SIGMA8\n",
    "            sig_sig = np.trace(C_inv @ dC_dq_sig_matrix_2d[:, :, i] @ C_inv @ dC_dq_sig_matrix_2d[:, :, i] )\n",
    "            sig_Aia = np.trace(C_inv @ dC_dq_sig_matrix_2d[:, :, i] @ C_inv @ dC_dq_Aia_matrix_2d[:, :, i]  )\n",
    "            sig_nia = np.trace(C_inv @ dC_dq_sig_matrix_2d[:, :, i] @ C_inv @ dC_dq_nia_matrix_2d[:, :, i])\n",
    "            sig_bia = np.trace(C_inv @ dC_dq_sig_matrix_2d[:, :, i] @ C_inv @ dC_dq_bia_matrix_2d[:, :, i])\n",
    "\n",
    "            #Aia\n",
    "            Aia_Aia = np.trace(C_inv @ dC_dq_Aia_matrix_2d[:, :, i] @ C_inv @ dC_dq_Aia_matrix_2d[:, :, i]  )\n",
    "            Aia_nia = np.trace(C_inv @ dC_dq_Aia_matrix_2d[:, :, i] @ C_inv @ dC_dq_nia_matrix_2d[:, :, i])\n",
    "            Aia_bia = np.trace(C_inv @ dC_dq_Aia_matrix_2d[:, :, i] @ C_inv @ dC_dq_bia_matrix_2d[:, :, i])\n",
    "\n",
    "            #nia\n",
    "            nia_nia = np.trace(C_inv @ dC_dq_nia_matrix_2d[:, :, i] @ C_inv @ dC_dq_nia_matrix_2d[:, :, i])\n",
    "            nia_bia = np.trace(C_inv @ dC_dq_nia_matrix_2d[:, :, i] @ C_inv @ dC_dq_bia_matrix_2d[:, :, i])\n",
    "\n",
    "            #bia\n",
    "            bia_bia = np.trace(C_inv @ dC_dq_bia_matrix_2d[:, :, i] @ C_inv @ dC_dq_bia_matrix_2d[:, :, i])\n",
    "\n",
    "\n",
    "\n",
    "            if self.model == 'ACDM_flat':\n",
    "                coeficientes = {\n",
    "                        (0, 0): Om_m_Om_m, (0, 1): Om_m_h, (0, 2): Om_m_Om_b, (0, 3): Om_m_ns, (0, 4): Om_m_sig, (0, 5): Om_m_Aia, (0, 6): Om_m_nia, (0, 7): Om_m_bia,\n",
    "                        (1, 1): h_h, (1, 2): h_Om_b, (1, 3): h_ns, (1, 4): h_sig, (1, 5): h_Aia, (1, 6): h_nia, (1, 7): h_bia,\n",
    "                        (2, 2): Om_b_Om_b, (2, 3): Om_b_ns, (2, 4): Om_b_sig, (2, 5): Om_b_Aia, (2, 6): Om_b_nia, (2, 7): Om_b_bia,\n",
    "                        (3, 3): ns_ns, (3, 4): ns_sig, (3, 5): ns_Aia, (3, 6): ns_nia, (3, 7): ns_bia,\n",
    "                        (4, 4): sig_sig, (4, 5): sig_Aia, (4, 6): sig_nia, (4, 7): sig_bia,\n",
    "                        (5, 5): Aia_Aia, (5, 6): Aia_nia, (5, 7): Aia_bia,\n",
    "                        (6, 6): nia_nia, (6, 7): nia_bia,\n",
    "                        (7, 7): bia_bia\n",
    "                    }\n",
    "\n",
    "                for (i, j), coef in coeficientes.items():\n",
    "                    F[i, j] += (L_parameter_new * coef)\n",
    "\n",
    "        Fisher = F + F.T - np.diag(F.diagonal())\n",
    "        logging.info(f\"Fisher Matrix: {Fisher}\")\n",
    "\n",
    "        return Fisher"
   ]
  },
  {
   "cell_type": "code",
   "execution_count": 17,
   "id": "3a5b0e7d",
   "metadata": {},
   "outputs": [
    {
     "name": "stderr",
     "output_type": "stream",
     "text": [
      "INFO:root:Calculated pair: (0, 0)\n",
      "INFO:root:Calculated pair: (0, 1)\n",
      "INFO:root:Calculated pair: (0, 2)\n",
      "INFO:root:Calculated pair: (0, 3)\n",
      "INFO:root:Calculated pair: (0, 4)\n",
      "INFO:root:Calculated pair: (0, 5)\n",
      "INFO:root:Calculated pair: (0, 6)\n",
      "INFO:root:Calculated pair: (0, 7)\n",
      "INFO:root:Calculated pair: (0, 8)\n",
      "INFO:root:Calculated pair: (0, 9)\n",
      "INFO:root:Calculated pair: (1, 1)\n",
      "INFO:root:Calculated pair: (1, 2)\n",
      "INFO:root:Calculated pair: (1, 3)\n",
      "INFO:root:Calculated pair: (1, 4)\n",
      "INFO:root:Calculated pair: (1, 5)\n",
      "INFO:root:Calculated pair: (1, 6)\n",
      "INFO:root:Calculated pair: (1, 7)\n",
      "INFO:root:Calculated pair: (1, 8)\n",
      "INFO:root:Calculated pair: (1, 9)\n",
      "INFO:root:Calculated pair: (2, 2)\n",
      "INFO:root:Calculated pair: (2, 3)\n",
      "INFO:root:Calculated pair: (2, 4)\n",
      "INFO:root:Calculated pair: (2, 5)\n",
      "INFO:root:Calculated pair: (2, 6)\n",
      "INFO:root:Calculated pair: (2, 7)\n",
      "INFO:root:Calculated pair: (2, 8)\n",
      "INFO:root:Calculated pair: (2, 9)\n",
      "INFO:root:Calculated pair: (3, 3)\n",
      "INFO:root:Calculated pair: (3, 4)\n",
      "INFO:root:Calculated pair: (3, 5)\n",
      "INFO:root:Calculated pair: (3, 6)\n",
      "INFO:root:Calculated pair: (3, 7)\n",
      "INFO:root:Calculated pair: (3, 8)\n",
      "INFO:root:Calculated pair: (3, 9)\n",
      "INFO:root:Calculated pair: (4, 4)\n",
      "INFO:root:Calculated pair: (4, 5)\n",
      "INFO:root:Calculated pair: (4, 6)\n",
      "INFO:root:Calculated pair: (4, 7)\n",
      "INFO:root:Calculated pair: (4, 8)\n",
      "INFO:root:Calculated pair: (4, 9)\n",
      "INFO:root:Calculated pair: (5, 5)\n",
      "INFO:root:Calculated pair: (5, 6)\n",
      "INFO:root:Calculated pair: (5, 7)\n",
      "INFO:root:Calculated pair: (5, 8)\n",
      "INFO:root:Calculated pair: (5, 9)\n",
      "INFO:root:Calculated pair: (6, 6)\n",
      "INFO:root:Calculated pair: (6, 7)\n",
      "INFO:root:Calculated pair: (6, 8)\n",
      "INFO:root:Calculated pair: (6, 9)\n",
      "INFO:root:Calculated pair: (7, 7)\n",
      "INFO:root:Calculated pair: (7, 8)\n",
      "INFO:root:Calculated pair: (7, 9)\n",
      "INFO:root:Calculated pair: (8, 8)\n",
      "INFO:root:Calculated pair: (8, 9)\n",
      "INFO:root:Calculated pair: (9, 9)\n",
      "INFO:root:Fisher Matrix: [[ 1.42516351e+03  4.56142240e+02 -1.87292492e+03  4.40814865e+02\n",
      "   5.98115734e-01 -3.93137650e+00 -3.97398068e+00  5.42230064e+00]\n",
      " [ 4.56142240e+02  9.16322972e+02  1.35025629e+03 -3.17434220e+02\n",
      "   5.71693192e-01  3.10062256e-01  5.49359771e-01  2.40246106e-01]\n",
      " [-1.87292492e+03  1.35025629e+03  7.76618818e+03 -1.80235817e+03\n",
      "   4.38246950e-02  8.21336769e+00  8.92826609e+00 -9.59769477e+00]\n",
      " [ 4.40814865e+02 -3.17434220e+02 -1.80235817e+03  4.27099574e+02\n",
      "   1.67512301e-02 -1.96107035e+00 -2.13871044e+00  2.27053570e+00]\n",
      " [ 5.98115734e-01  5.71693192e-01  4.38246950e-02  1.67512301e-02\n",
      "   1.67271611e-03 -6.52651803e-04 -5.31231838e-04  1.25403354e-03]\n",
      " [-3.93137650e+00  3.10062256e-01  8.21336769e+00 -1.96107035e+00\n",
      "  -6.52651803e-04  7.93420491e-02  1.02774448e-01 -5.21018851e-02]\n",
      " [-3.97398068e+00  5.49359771e-01  8.92826609e+00 -2.13871044e+00\n",
      "  -5.31231838e-04  1.02774448e-01  1.40448349e-01 -5.03334446e-02]\n",
      " [ 5.42230064e+00  2.40246106e-01 -9.59769477e+00  2.27053570e+00\n",
      "   1.25403354e-03 -5.21018851e-02 -5.03334446e-02  7.59503773e-02]]\n"
     ]
    },
    {
     "name": "stdout",
     "output_type": "stream",
     "text": [
      "Matriz de covarianzas\n",
      " \n",
      "[[ 2.14564265e-02 -2.50306644e-02  2.36408326e-03 -2.92001696e-02\n",
      "   1.34501235e+00 -6.17931622e-01  4.02328864e-01 -4.60450559e-01]\n",
      " [-2.50306644e-02  3.15144507e-02 -2.36192353e-03  3.77797596e-02\n",
      "  -2.36241985e+00  3.55069642e-01 -2.36828258e-01  3.85056924e-01]\n",
      " [ 2.36408326e-03 -2.36192353e-03  6.91605506e-03  2.51967308e-02\n",
      "  -4.50495854e-01  2.22117731e-01 -1.32917154e-01  3.11294400e-02]\n",
      " [-2.92001696e-02  3.77797596e-02  2.51967308e-02  1.65648936e-01\n",
      "  -5.02369564e+00  1.72255846e+00 -1.06087553e+00  7.58722685e-01]\n",
      " [ 1.34501235e+00 -2.36241985e+00 -4.50495854e-01 -5.02369564e+00\n",
      "   9.95751975e+02 -2.98961297e+01  1.77350187e+01 -2.04926842e+01]\n",
      " [-6.17931622e-01  3.55069642e-01  2.22117731e-01  1.72255846e+00\n",
      "  -2.98961297e+01  9.23501598e+03 -5.88474261e+03  2.45536451e+03]\n",
      " [ 4.02328864e-01 -2.36828258e-01 -1.32917154e-01 -1.06087553e+00\n",
      "   1.77350187e+01 -5.88474261e+03  3.75933222e+03 -1.55891098e+03]\n",
      " [-4.60450559e-01  3.85056924e-01  3.11294400e-02  7.58722685e-01\n",
      "  -2.04926842e+01  2.45536451e+03 -1.55891098e+03  6.77675570e+02]]\n"
     ]
    }
   ],
   "source": [
    "params = {'num_params': 5, 'type': 'standard', 'model' : 'ACDM_flat'}\n",
    "\n",
    "A = Fisher(params)\n",
    "\n",
    "F = A.trace(Omega_m0_fid, h_fid, Omega_b0_fid, Omega_DE0_fid, w0_fid, wa_fid, ns_fid, sigma8_fid, gamma_fid, Aia, nia, bia)\n",
    "\n",
    "Cov = np.linalg.inv(F)\n",
    "\n",
    "print('Matriz de covarianzas')\n",
    "\n",
    "print(' ')\n",
    "\n",
    "print(Cov)"
   ]
  },
  {
   "cell_type": "code",
   "execution_count": 18,
   "id": "f867becc",
   "metadata": {},
   "outputs": [],
   "source": [
    "def comparison(created, expected):\n",
    "    return 100*np.abs(1 - (created/expected))"
   ]
  },
  {
   "cell_type": "code",
   "execution_count": 19,
   "id": "1b4ce16c",
   "metadata": {},
   "outputs": [
    {
     "name": "stdout",
     "output_type": "stream",
     "text": [
      "ERRORES\n",
      "Error Omega_m: 0.14648012318227807\n",
      "Error h: 0.177523098945817\n",
      "Error Omega_b: 0.08316282256125439\n",
      "Error ns: 0.40699992105161287\n",
      "Error sigma8: 31.555537942266504\n",
      "Error Aia: 96.0989905420586\n",
      "Error nia: 61.31339347417811\n",
      "Error bia: 26.03220255021733\n",
      " \n",
      "RELATIVE ERRORS\n",
      "Error Relativo Omega_m: 0.45775038494461895\n",
      "Error Relativo h: 0.2649598491728612\n",
      "Error Relativo Omega_b: 1.6632564512250876\n",
      "Error Relativo ns: 0.42395825109543006\n",
      "Error Relativo sigma8: 38.671002380228565\n",
      "Error Relativo A: 55.871506129103835\n",
      "Error Relativo nia: 4575.626378670008\n",
      "Error Relativo bia: 11.996406705169278\n",
      " \n",
      "COMPARACION\n",
      "Comparison for Omega_m: 2443.057694136772\n",
      "Comparison for h: 26.171356748981523\n",
      "Comparison for Omega_b: 253.88435132448674\n",
      "Comparison for ns: 1111.3092888440856\n",
      "Comparison for sigma8: 444394.2802325123\n"
     ]
    }
   ],
   "source": [
    "print('ERRORES')\n",
    "\n",
    "print('Error Omega_m: ' + str(np.sqrt(Cov[0, 0])))\n",
    "print('Error h: ' + str(np.sqrt(Cov[1, 1])))\n",
    "print('Error Omega_b: ' + str(np.sqrt(Cov[2, 2])))\n",
    "print('Error ns: ' + str(np.sqrt(Cov[3, 3])))\n",
    "print('Error sigma8: ' + str(np.sqrt(Cov[4, 4])))\n",
    "print('Error Aia: ' + str(np.sqrt(Cov[5, 5])))\n",
    "print('Error nia: ' + str(np.sqrt(Cov[6, 6])))\n",
    "print('Error bia: ' + str(np.sqrt(Cov[7, 7])))\n",
    "\n",
    "print(' ')\n",
    "\n",
    "# Relative errors\n",
    "\n",
    "print('RELATIVE ERRORS')\n",
    "\n",
    "err_Om_m = (np.sqrt(Cov[0, 0]) / Omega_m0_fid)\n",
    "err_h = np.sqrt(Cov[1, 1]) / h_fid\n",
    "err_Om_b = np.sqrt(Cov[2, 2]) / Omega_b0_fid\n",
    "err_ns = np.sqrt(Cov[3, 3]) / ns_fid\n",
    "err_sig = np.sqrt(Cov[4, 4]) / sigma8_fid\n",
    "err_A = np.sqrt(Cov[5, 5]) / Aia\n",
    "err_nia = np.sqrt(Cov[6, 6]) / Cia\n",
    "err_bia = np.sqrt(Cov[7, 7]) / bia\n",
    "\n",
    "print('Error Relativo Omega_m: ' + str(err_Om_m))\n",
    "print('Error Relativo h: ' + str(err_h))\n",
    "print('Error Relativo Omega_b: ' + str(err_Om_b))\n",
    "print('Error Relativo ns: ' + str(err_ns))\n",
    "print('Error Relativo sigma8: ' + str(err_sig))\n",
    "print('Error Relativo A: ' + str(err_A))\n",
    "print('Error Relativo nia: ' + str(err_nia))\n",
    "print('Error Relativo bia: ' + str(err_bia))\n",
    "\n",
    "print(' ')\n",
    "\n",
    "print('COMPARACION')\n",
    "## Comparison with the paper (the numbers must be under 10)\n",
    "\n",
    "S_Om_m = 0.018\n",
    "S_h = 0.21\n",
    "S_Om_b = 0.47\n",
    "S_ns = 0.035\n",
    "S_sig = 0.0087\n",
    "\n",
    "print('Comparison for Omega_m: ' + str(comparison(err_Om_m, S_Om_m)))\n",
    "print('Comparison for h: ' + str(comparison(err_h, S_h)))\n",
    "print('Comparison for Omega_b: ' + str(comparison(err_Om_b, S_Om_b)))\n",
    "print('Comparison for ns: ' + str(comparison(err_ns, S_ns)))\n",
    "print('Comparison for sigma8: ' + str(comparison(err_sig, S_sig)))"
   ]
  },
  {
   "cell_type": "code",
   "execution_count": 20,
   "id": "11492b41",
   "metadata": {},
   "outputs": [
    {
     "name": "stdout",
     "output_type": "stream",
     "text": [
      "0.006740196078431373\n"
     ]
    }
   ],
   "source": [
    "import numpy as np\n",
    "print(0.0055 / 0.816)"
   ]
  },
  {
   "cell_type": "markdown",
   "id": "a914af92",
   "metadata": {},
   "source": [
    "**Multiplicando por s8^2**\n",
    "\n",
    "COMPARACION\n",
    "Comparison for Omega_m: 110.03216424270565\n",
    "Comparison for h: 52.375206993023006\n",
    "Comparison for Omega_b: 61.8563146904604\n",
    "Comparison for ns: 33.59939198274014\n",
    "Comparison for sigma8: 659.7156450844985"
   ]
  },
  {
   "cell_type": "markdown",
   "id": "f32d23a1",
   "metadata": {},
   "source": [
    "**P normal**\n",
    "\n",
    "COMPARACION\n",
    "Comparison for Omega_m: 64.11380658925354\n",
    "Comparison for h: 61.87769435839172\n",
    "Comparison for Omega_b: 69.18282269637388\n",
    "Comparison for ns: 46.73304944792112\n",
    "Comparison for sigma8: 503.5311383558334"
   ]
  },
  {
   "cell_type": "markdown",
   "id": "04d2cf49",
   "metadata": {},
   "source": [
    "**Cambiando l a log pero con P normal**\n",
    "\n",
    "COMPARACION\n",
    "Comparison for Omega_m: 97.53474353468317\n",
    "Comparison for h: 99.18926490645329\n",
    "Comparison for Omega_b: 99.33859228237915\n",
    "Comparison for ns: 99.12369894128061\n",
    "Comparison for sigma8: 88.1360267046474"
   ]
  },
  {
   "cell_type": "markdown",
   "id": "91f85876",
   "metadata": {},
   "source": [
    "**l con log10 y h = 1**\n",
    "\n",
    "COMPARACION\n",
    "Comparison for Omega_m: 120.02346863938777\n",
    "Comparison for h: 51.820746461561704\n",
    "Comparison for Omega_b: 64.2780590048458\n",
    "Comparison for ns: 31.751269686394846\n",
    "Comparison for sigma8: 671.5045554646256"
   ]
  },
  {
   "cell_type": "markdown",
   "id": "3e6dc8b3",
   "metadata": {},
   "source": [
    "**l con log10, h = 1, dC/ds8 = 2 C / s8**\n",
    "\n",
    "RELATIVE ERRORS\n",
    "Error Relativo Omega_m: 0.025569499122491096\n",
    "Error Relativo h: 0.02544447397976539\n",
    "Error Relativo Omega_b: 0.12781853726688738\n",
    "Error Relativo ns: 0.019258716654957552\n",
    "Error Relativo sigma8: 0.000283201928209537\n",
    "Error Relativo A: 4.0985175607906195\n",
    "Error Relativo nia: 335.1993020878382\n",
    "Error Relativo bia: 0.8803604387468326"
   ]
  },
  {
   "cell_type": "markdown",
   "id": "2ca0b28e",
   "metadata": {},
   "source": [
    "**P_s8_pl / h**3**\n",
    "\n",
    "RELATIVE ERRORS\n",
    "Error Relativo Omega_m: 0.024357011973011967\n",
    "Error Relativo h: 0.059902893359825876\n",
    "Error Relativo Omega_b: 0.04475554971089151\n",
    "Error Relativo ns: 0.01887256724779941\n",
    "Error Relativo sigma8: 0.000282367230474732\n",
    "Error Relativo A: 4.094057426807773\n",
    "Error Relativo nia: 334.83721619145575\n",
    "Error Relativo bia: 0.880045333324018"
   ]
  },
  {
   "cell_type": "markdown",
   "id": "27e08008",
   "metadata": {},
   "source": [
    "**P * s8^2**\n",
    "\n",
    "COMPARACION\n",
    "Comparison for Omega_m: 81.69201327658915\n",
    "Comparison for h: 84.59259691521453\n",
    "Comparison for Omega_b: 68.51592090495913\n",
    "Comparison for ns: 33.639764151061314\n",
    "Comparison for sigma8: 96.7658189103658"
   ]
  },
  {
   "cell_type": "markdown",
   "id": "df09ba8b",
   "metadata": {},
   "source": [
    "**Misma implementacion de k que con Fisher para los C**\n",
    "\n",
    "COMPARACION\n",
    "Comparison for Omega_m: 63.72193053322817\n",
    "Comparison for h: 86.13414038452535\n",
    "Comparison for Omega_b: 71.29516317710069\n",
    "Comparison for ns: 37.74840016472957\n",
    "Comparison for sigma8: 96.73498728819303"
   ]
  },
  {
   "cell_type": "markdown",
   "id": "21510721",
   "metadata": {},
   "source": [
    "**Lo mismo de arriba con h =1**\n",
    "\n",
    "COMPARACION\n",
    "Comparison for Omega_m: 28.292847713244274\n",
    "Comparison for h: 89.07787293496634\n",
    "Comparison for Omega_b: 75.27503680207079\n",
    "Comparison for ns: 48.00673614841256\n",
    "Comparison for sigma8: 96.7128321837372"
   ]
  },
  {
   "cell_type": "code",
   "execution_count": null,
   "id": "1a3af221",
   "metadata": {},
   "outputs": [],
   "source": []
  }
 ],
 "metadata": {
  "kernelspec": {
   "display_name": "camb-env",
   "language": "python",
   "name": "python3"
  },
  "language_info": {
   "codemirror_mode": {
    "name": "ipython",
    "version": 3
   },
   "file_extension": ".py",
   "mimetype": "text/x-python",
   "name": "python",
   "nbconvert_exporter": "python",
   "pygments_lexer": "ipython3",
   "version": "3.9.6"
  }
 },
 "nbformat": 4,
 "nbformat_minor": 5
}
